solid
//0-7
-0.8 -0.8 -0.8 ;0
-0.8 -0.8  0.8 ;0.8
-0.8  0.8 -0.8 ;2
-0.8  0.8  0.8 ;3
 0.8 -0.8 -0.8 ;4
 0.8 -0.8  0.8 ;5
 0.8  0.8 -0.8 ;6
 0.8  0.8  0.8 ;7
//rectangle
//8-11
-0.8 -0.600 -0.266
-0.8 -0.600  0.266
-0.8  0.600 -0.266
-0.8  0.600  0.266
//12-15
-0.8 -0.536 -0.200
-0.8 -0.536  0.200
-0.8  0.536 -0.200
-0.8  0.536  0.200
//N 16-25
-0.8 -0.450 -0.130
-0.8 -0.380 -0.130
-0.8 -0.200 -0.130
-0.8 -0.130 -0.130
-0.8 -0.200 -0.030
-0.8 -0.380  0.030
-0.8 -0.450  0.130
-0.8 -0.380  0.130
-0.8 -0.200  0.130
-0.8 -0.130  0.130

//I 26-29
-0.8 -0.035 -0.130
-0.8  0.035 -0.130
-0.8 -0.035  0.130
-0.8  0.035  0.130

//N 30-37
-0.8  0.130 -0.130
-0.8  0.200 -0.130
-0.8  0.380 -0.130
-0.8  0.450 -0.130
-0.8  0.200 -0.030
-0.8  0.380  0.030
-0.8  0.130  0.130
-0.8  0.200  0.130
-0.8  0.380  0.130
-0.8  0.450  0.130

faces
//carre
#FF0000
0  1  9
0  8  9
0 10  8
0  2 10
3  2 10
3 11 10
3  9 11
3  1  9

//rectangle
#000000
 8  9 13
 8 12 13
 8 14 12
 8 10 14
11 10 14
11 15 14
11 13 15
11  9 13
//vide rectangle
#FF0000
12 13 22
12 16 22

12 16 17
12 17 18
12 18 19

12 19 26
12 26 27
12 27 30

12 30 31
12 31 32
12 32 33

12 14 33

15 14 33
15 39 33

15 39 38
15 38 37
15 37 36

15 36 29
15 29 28
15 28 25

15 25 24
15 24 23
15 23 22

15 22 13

//vides N
17 18 21
20 23 24

//espaces
19 26 28
19 25 28
27 30 36
27 29 36

//vides N
31 32 35
34 37 38

#000000
//N
16 17 21
16 21 23
16 22 23
21 23 20
20 18 21
25 24 20
25 20 18
25 19 18

//I
26 27 29
26 28 29

//N
30 31 34
30 34 37
30 36 37
31 34 38
31 35 38

39 38 35
39 35 32
39 33 32

#800000
0 2 4
2 4 6

#500000
0 1 5
0 4 5

#300000
4 5 7
4 6 7

#505050
1 3 7
1 5 7

#808080
2 3 6
3 6 7
